[5851]
[7373]
[6112]
[6226]
[7404]
[4711]
[7255]
[7164]
[3935]
[6074]
[5372]
[3682]
[5592]
[7164]
[5364]
[2352]
[5851]
[6461]
[3149]
[6226]
[5224]
[7934]
[6226]
[7404]
[8321]
[5790]
[5751]
[6066]
[5463]
[6170]
[3790]
[5208]
[5790]
[7535]
[5829]
[5635]
[6284]
[3790]
[5258]
[5245]
[8207]
[6600]
[6284]
[8977]
[5889]
[5877]
[5918]
[5311]
[6281]
[7518]
[5790]
[7193]
[7164]
[4746]
[8362]
[6689]
[3686]
[6461]
[4092]
[5463]
[3631]
[6284]
[6936]
[4840]
[5108]
[3682]
[5785]
[6600]
[6627]
[9875]
[6213]
[5886]
[5367]
[6844]
[6704]
[3081]
[5146]
[4380]
[6134]
[5367]
[5021]
[5692]
[6600]
[7039]
[4066]
[6687]
[5224]
[3093]
[6159]
[5751]
[4053]
[5920]
[5664]
[5080]
[5706]
[6600]
[5758]
[5311]
[3540]
[6999]
[3566]
[4840]
[6999]
[5851]
[6461]
[4233]
[6600]
[4053]
[3149]
[6461]
[6267]
[5784]
[5319]
[5506]
[8197]
[7043]
[4752]
[6176]
[7495]
[2472]
[6415]
[5208]
[5510]
[4136]
[5790]
[2931]
[6719]
[6600]
[7002]
[7555]
[4936]
[4839]
[6284]
[5851]
[6633]
[5744]
[2905]
[5751]
[5888]
[7220]
[8120]
[5518]
[6889]
[3269]
[3757]
[4368]
[4274]
[2643]
[5941]
[6820]
[2743]
[5790]
[4498]
[6704]
[6600]
[7220]
[6500]
[6600]
[5373]
[7518]
[8197]
[5790]
[4778]
[8377]
[8040]
[8212]
[3757]
[7220]
[8344]
[3768]
[7518]
[4862]
[3793]
[7220]
[4883]
[2742]
[8120]
[3667]
[4575]
[7255]
[5851]
[5851]
[5288]
[8897]
[4851]
[4543]
[4405]
[5284]
[8362]
[5740]
[6226]
[4746]
[5758]
[6600]
[8796]
[5790]
[5751]
[6600]
[3667]
[4815]
[4840]
[4315]
[5429]
[7404]
[7642]
[6724]
[6074]
[3714]
[5751]
[5978]
[5927]
[6608]
[4769]
[4532]
[7039]
[6779]
[8362]
[5800]
[8120]
[5037]
[4457]
[2472]
[5851]
[6226]
[5630]
[6600]
[4435]
[6600]
[7292]
[4233]
[6126]
[5790]
[7583]
[5758]
[5872]
[5800]
[3600]
[3953]
[4326]
[5470]
[7019]
[6321]
[5358]
[8120]
[5440]
[5952]
[3625]
[5168]
[4136]
[2966]
[4053]
[5021]
[7803]
[5819]
[5751]
[6838]
[8228]
[7119]
[7119]
[5622]
[7458]
[6600]
[4271]
[6199]
[6764]
[8362]
[8256]
[5819]
[6600]
[5043]
[7644]
[3941]
[5367]
[5440]
[6562]
[5549]
[8351]
[5961]
[6600]
[4840]
[5096]
[6683]
[6402]
[4131]
[5518]
[5584]
[6601]
[6317]
[4540]
[7220]
[5108]
[5197]
[6461]
[7495]
[4548]
[4543]
[6704]
[4540]
[4112]
[5751]
[4405]
[3941]
[5080]
[8491]
[4689]
[6597]
[7068]
[4581]
[4474]
[4201]
[5751]
[4710]
[3119]
[3223]
[2868]
[5518]
[6780]
[4936]
[5258]
[5096]
[3502]
[5820]
[5533]
[6600]
[5319]
[5372]
[7988]
[6237]
[8120]
[6099]
[6218]
[6311]
[5729]
[7039]
[7625]
[6095]
[7930]
[5969]
[3093]
[4136]
[3768]
[5790]
[5518]
[7386]
[6600]
[6600]
[5819]
[7518]
[7220]
[3631]
[5751]
[5554]
[7877]
[5384]
[6704]
[7220]
[4435]
[5182]
[3496]
[4626]
[3631]
[6226]
[3930]
[3036]
[6284]
[6226]
[4840]
[10039]
[6597]
[5367]
[6889]
[6600]
[5033]
[9121]
[5652]
[3845]
[4457]
[4851]
[6600]
[6267]
[4963]
[4562]
[6837]
[8207]
[5790]
[5941]
[4548]
[4401]
[5790]
[5584]
[7451]
[6419]
[5043]
[7011]
[7495]
[5607]
[4233]
[4516]
[5367]
[4201]
[4634]
[4537]
[5367]
[4392]
[6382]
[4936]
[7877]
[6670]
[4982]
[7019]
[8362]
[5941]
[5790]
[6226]
[6461]
[3941]
[7583]
[3941]
[6704]
[5475]
[5819]
[3714]
[5258]
[4562]
[3941]
[4673]
[4150]
[6672]
[7495]
[4641]
[5554]
[7255]
[6237]
[3480]
[5367]
[5364]
[6608]
[4982]
[7948]
[7155]
[5319]
[6600]
[7039]
[5320]
[6074]
[5922]
[5758]
[5224]
[5768]
[4368]
[6600]
[6600]
[5751]
[6901]
[5124]
[5820]
[6704]
[5758]
[6704]
[2742]
[3496]
[6600]
[5878]
[3553]
[2047]
[2742]
[6654]
[6676]
[3631]
[6551]
[7796]
[4435]
[5790]
[4787]
[5648]
[6266]
[4840]
[6572]
[5740]
[5800]
[4228]
[4862]
[4898]
[4330]
[4857]
[7404]
[6382]
[7483]
[4821]
[4032]
[7757]
[5819]
[4435]
[5751]
[6600]
[6600]
[9748]
[5433]
[7948]
[4393]
[5193]
[10039]
[6104]
[5584]
[2439]
[3729]
[6461]
[3757]
[7386]
[3036]
[4213]
[8040]
[5358]
[7495]
[6532]
[6600]
[7174]
[3252]
[4271]
[6662]
[5357]
[5258]
[8977]
[4471]
[4053]
[4862]
[3133]
[5506]
[8004]
[5790]
[7642]
[7518]
[6600]
[2882]
[5320]
[6382]
[5819]
[3502]
[5784]
[5729]
[6909]
[4839]
[6704]
[6382]
[5367]
[5751]
[5901]
[4857]
[5894]
[2868]
[5790]
[6461]
[5790]
[8362]
[4303]
[3273]
[6600]
[6063]
[8362]
[4963]
[5021]
[5758]
[5108]
[6064]
[7404]
[5790]
[4540]
[4467]
[4439]
[6780]
[3133]
[5584]
[2166]
[7220]
[8120]
[9034]
[6284]
[8120]
[5168]
[7079]
[5851]
[5506]
[5007]
[5941]
[5872]
[7674]
[6600]
[5751]
[5751]
[6600]
[6226]
[6600]
[5096]
[4315]
[7000]
[7039]
[6572]
[5906]
[5272]
[6099]
[5829]
[7495]
[4840]
[7002]
[5518]
[6144]
[6600]
[6284]
[5941]
[6461]
[5941]
[5081]
[4382]
[5859]
[4604]
[5193]
[7820]
[5081]
[4862]
[5820]
[4066]
[5751]
[4271]
[6600]
[4326]
[5820]
[7068]
[3404]
[5258]
[6146]
[5506]
[6909]
[2985]
[6484]
[5607]
[4963]
[7384]
[7911]
[6258]
[6443]
[3631]
[4373]
[5451]
[5372]
[6704]
[3273]
[6662]
[5372]
[6608]
[6600]
[5928]
[5712]
[4718]
[4634]
[3941]
[5463]
[5751]
[5367]
[5293]
[6627]
[5751]
[3104]
[5520]
[6226]
[6066]
[4373]
[3534]
[5751]
[3625]
[7938]
[4898]
[3667]
[3056]
[7988]
[8120]
[5819]
[5258]
[6226]
[8698]
[5697]
[6736]
[2882]
[3252]
[6168]
[6600]
[7119]
[7975]
[4752]
[6451]
[4936]
[6901]
[4912]
[3625]
[7547]
[6284]
[7220]
[9228]
[7039]
[3939]
[4776]
[4467]
[7196]
[6490]
[7796]
[5319]
[4641]
[5007]
[4435]
[7292]
[6461]
[5258]
[6112]
[7750]
[5267]
[5790]
[7384]
[6324]
[5758]
[4851]
[5367]
[4382]
[4936]
[2716]
[6737]
[6218]
[6616]
[5594]
[2716]
[4857]
[4053]
[5510]
[6344]
[7495]
[5758]
[2647]
[4684]
[6962]
[6654]
[4053]
[2716]
[6600]
[6391]
[6451]
[4390]
[5258]
[4839]
[7518]
[6597]
[3353]
[5819]
[6781]
[4494]
[4093]
[6168]
[4776]
[6344]
[3216]
[3272]
[7820]
[7834]
[5751]
[5463]
[4862]
[6597]
[5819]
[4877]
[4815]
[5820]
[3768]
[5790]
[4810]
[6889]
[4390]
[7763]
[4435]
[5941]
[6369]
[5258]
[5927]
[5692]
[6622]
[6781]
[4347]
[4489]
[4032]
[6740]
[4431]
[5888]
[5518]
[5367]
[5224]
[5883]
[3149]
[5790]
[5751]
[5751]
[4982]
[3488]
[6461]
[4641]
[4372]
[5530]
[3574]
[5751]
[4720]
[6687]
[4435]
[4936]
[5768]
[4124]
[6704]
[3534]
[6267]
[5224]
[6684]
[5288]
[7518]
[5927]
[5890]
[9088]
[4361]
[6962]
[7820]
[4908]
[5708]
[5751]
[3941]
[5790]
[4899]
[5451]
[6242]
[4201]
[6600]
[6154]
[8977]
[7763]
[6115]
[7934]
[5258]
[9748]
[5635]
[6676]
[5751]
[2743]
[6134]
[5258]
[8796]
[6134]
[6507]
[3941]
[7011]
[5737]
[5872]
[5372]
[5065]
[7127]
[5448]
[5941]
[7948]
[5271]
[6600]
[8197]
[4862]
[6600]
[7256]
[3941]
[5924]
[6284]
[3872]
[4435]
[8876]
[7255]
[5819]
[6889]
[5367]
[6267]
[6284]
[3787]
[6338]
[3941]
[8796]
[7041]
[4066]
[6654]
[6461]
[4840]
[4899]
[2952]
[6704]
[6600]
[4060]
[5339]
[4066]
[5520]
[8040]
[9659]
[7518]
[5240]
[5367]
[6500]
[7518]
[7039]
[6596]
[6600]
[6962]
[7904]
[6889]
[5924]
[6145]
[4516]
[5319]
[6622]
[5258]
[6600]
[7306]
[3631]
[6600]
[5751]
[5941]
[8120]
[4840]
[4669]
[7458]
[6146]
[7011]
[5851]
[4400]
[7948]
[5987]
[5751]
[5033]
[3566]
[5315]
[6099]
[3941]
[7196]
[4543]
[6704]
[5790]
[4689]
[4336]
[6877]
[3789]
[5272]
[3444]
[5084]
[6946]
[4565]
[6669]
[6534]
[4044]
[3104]
[5918]
[5627]
[4370]
[6216]
[5108]
[6134]
[5987]
[8197]
[7220]
[5627]
[6997]
[4752]
[3119]
[3295]
[4457]
[7404]
[8876]
[6213]
[4467]
[5224]
[4471]
[6168]
[4382]
[2979]
[5463]
[4467]
[5790]
[5961]
[2931]
[5961]
[3667]
[5851]
[5851]
[6686]
[3081]
[4368]
[4908]
[5851]
[5367]
[6461]
[7386]
[3149]
[5790]
[4565]
[8977]
[4382]
[3584]
[6597]
