4875.6078
6586.4655
4626.8775
7921.8028
7473.0807
5570.9603
6090.3708
5810.7063
4584.6318
6738.601
4824.8159
3035.6037
4450.7117
6427.2856
4433.2491
2083.9848
5435.3536
5639.6899
3637.9391
4470.9441
4186.8885
7932.5256
4966.1858
6244.4332
6115.0556
6313.1245
6100.306
8141.8706
4619.9638
7267.0917
3225.8373
4708.6041
5296.6601
6668.3255
6237.4066
5722.2919
6663.5563
3902.7196
6035.4911
7473.4846
6696.8017
6056.3117
5953.381
8011.318
5058.5767
4005.9183
4752.4464
5217.8922
5839.0917
7333.2825
4414.362
6675.7658
5968.6249
4283.5518
9398.5477
6049.1129
4277.2622
6667.6605
3870.1638
8069.5773
3482.0066
5039.3244
7605.5208
4880.1311
6748.2313
3229.0306
8747.0322
6935.1432
6619.6774
9296.8859
7515.4654
7281.9586
4515.5504
8485.0539
6799.2311
2599.6392
5001.7168
4567.4576
5299.1845
5551.2825
7155.5571
6659.8182
5967.093
7753.0786
5474.3039
6094.8267
4782.1857
2531.3117
4913.451
7098.4987
3239.9699
8261.6577
6065.7555
5027.2627
5224.014
6793.4431
4203.8549
6485.5498
4842.3914
5807.5972
4605.5285
4587.6231
4998.6029
5421.7948
5444.415
5360.6807
7246.223
3711.0961
2561.0134
7359.8042
5954.7537
4970.1401
6767.2796
6168.3989
8132.7877
6302.0129
4927.6534
5623.6941
7296.8599
2391.5031
7057.011
4608.99
8130.7751
3537.4655
6547.506
3426.0686
6283.3863
4032.868
5855.3708
7044.2764
2700.9835
4859.0598
5927.114
8961.702
7116.7426
4108.4168
3465.0126
7327.3072
6466.8155
7325.338
8087.8598
4481.5061
8210.0375
2761.1931
4255.5489
4999.8423
4403.4202
4444.5365
6026.92
7447.7433
2899.9292
6224.1476
4478.3557
6159.9878
6145.5041
7426.0128
4622.0464
5203.996
7019.1104
7066.2322
7523.6948
6434.2342
3806.1929
7084.4745
7237.1487
8476.0941
5181.8847
6026.7531
8769.3529
4087.4402
8571.8131
4832.5092
4971.7358
7792.5812
4051.9416
4170.5896
6058.5015
4630.7983
5131.1218
6845.6173
8083.0986
5501.8254
4695.7137
8302.6276
4513.6594
5621.3259
4020.0753
5193.4836
8957.1136
7102.5258
6417.4596
4435.4244
7367.2317
7363.9265
6430.7775
5249.755
4679.9921
5683.4129
4768.7129
5652.5915
5995.281
6597.8374
5717.3756
6985.4618
8073.8579
7322.7709
4529.5009
3734.552
5258.5302
5943.2116
4240.1499
7207.1557
3606.8837
4874.7014
5821.465
6819.3633
9090.5489
4108.0761
8283.7418
5256.1218
4615.8977
2577.6307
5734.7007
6411.47
5995.1975
6947.3255
4198.7038
7373.0281
6055.2539
6678.8245
7415.5025
6592.4492
6103.0469
4953.3842
7184.2998
6381.3511
4339.0193
5933.3598
5723.8186
5809.897
5422.039
7720.3899
2903.1257
6820.7456
5805.4574
6372.9195
4162.2726
4952.3083
3915.2413
3387.8458
4406.0383
5890.3154
8669.6968
4502.6861
7183.9719
5252.9925
7100.9518
9686.1226
8141.3671
6594.9639
5195.4913
6604.9679
4937.8253
5666.0699
6226.8057
7293.6101
8039.5984
3544.029
7140.7256
3624.7095
8013.4402
3597.1546
4916.2707
7087.8057
8914.1772
6825.9014
5920.7285
4871.3347
5741.7724
4495.2314
5212.6689
5836.5159
7132.4416
4347.6876
5333.833
6125.0141
8501.1322
6773.8779
5873.5406
7935.0608
5119.3248
3580.578
5911.2134
7495.256
4457.305
5805.7872
5107.0451
5491.3986
3793.0413
3883.9852
5775.5309
4833.8891
5945.678
7887.8913
5820.3168
5404.4193
7817.4259
5677.4248
4493.3032
4315.9413
4899.7785
4894.0582
3527.5742
3205.0114
2106.4357
5395.0756
7509.0703
3371.7203
4918.8553
5392.3521
5143.78
5635.2507
4733.8482
4684.9846
6081.9997
6028.4363
8159.1839
6353.5103
8477.1788
5704.7858
5729.8172
6031.525
7938.0186
5553.9814
9115.3749
7217.0291
6286.536
6679.3401
3766.3858
3157.8442
3304.3207
5993.9692
4577.2587
7289.9306
7129.8175
7091.2254
4605.6623
6300.0809
5818.2587
3917.931
6202.8777
6047.8584
8381.8673
4444.2886
5726.8521
6988.8018
3866.6576
6226.8062
2830.6899
5029.5728
6046.9237
4931.6001
5046.3139
3727.2692
5197.4341
7155.6273
4413.9736
9359.7529
4043.28
5715.2017
8015.1532
6363.9157
4624.0006
10147.8525
4890.9687
4772.3045
4678.4836
4964.7816
5915.6707
5630.1653
5699.7881
5573.5306
6758.3194
5084.8631
4193.2873
6337.674
4335.154
6109.0421
7241.1444
5073.7175
7118.89
9946.4487
6048.8107
5477.424
9307.7258
5695.6226
5069.6329
3098.1579
6297.5223
2541.3436
4090.9018
4446.3599
4412.8686
5738.6433
4863.3561
5211.5889
7585.1367
5615.7381
5735.3987
6477.3046
7688.1795
6915.6348
5368.3246
5395.7276
6561.2769
4154.36
6749.7855
4059.1344
6040.7208
5260.3931
4034.6898
3800.0356
6834.6412
4293.3417
4190.2283
3364.8976
5954.4623
6051.3568
6952.6555
4906.7801
7692.3467
7674.7451
6722.8498
3741.8303
4566.6881
5018.877
7699.8332
4946.059
7302.8428
6725.641
6767.997
5595.3103
7068.4448
5776.4164
5047.3143
5483.6045
4201.9558
5324.594
6167.8671
4440.6903
7567.8034
6328.5599
4457.9453
6116.9705
5946.2854
4331.3366
7348.179
7491.2466
7492.5892
2742.9651
2914.2655
5410.489
6207.6519
4308.2108
2182.206
3650.656
6762.5866
7050.4321
4246.6067
5034.3757
8439.7618
4362.6319
5026.6328
5725.0482
4897.6378
6478.5428
3832.3093
7460.1744
4786.8589
6428.352
3964.8216
5801.9257
4314.0362
4392.0428
4794.7718
7275.725
5753.4508
6881.0108
7755.0817
4317.0763
7804.7333
4868.4064
4359.2342
4756.7379
5866.7934
7400.9518
7633.0767
4457.2587
6722.5131
5309.3659
5083.8723
8459.6549
5944.7656
7222.3847
3020.7575
3437.2549
4651.8428
5149.6866
7065.6526
3154.7698
5186.893
6975.2393
5226.7314
6499.0407
5156.5485
6501.8292
9504.6543
3598.2531
4039.9629
8027.0995
4467.9234
5877.5227
7982.6807
3619.8696
4351.1131
7105.648
3370.9706
5140.7424
6847.6339
4000.7192
8025.3865
7031.5473
5930.893
3483.9957
6364.8594
5883.1444
5885.8429
4741.4989
5141.9061
6240.5481
8527.9193
6587.1384
7282.9821
4544.1428
5054.9419
4917.1406
6172.3199
4387.1859
7236.3483
3422.5384
6125.8168
5774.3882
4834.1215
8517.9717
3798.4445
4343.1569
6194.2678
6962.1204
8581.8957
5709.4166
4196.2022
5434.3762
5473.8502
7462.1417
7162.5437
4788.858
5146.3531
7134.6581
4451.0701
7133.6506
3529.5974
7380.3052
3030.425
7572.0756
6930.7855
8278.5729
7847.3222
5610.9257
4909.4055
5979.7765
5866.6534
5171.7215
5551.3476
4200.7669
7152.3532
8270.3033
5405.9054
5035.9055
5132.7827
7379.2125
5066.977
5406.1609
5355.2094
6641.499
6222.4931
7549.7273
5648.7663
7235.616
4148.346
5400.7681
5382.0991
7891.2991
5863.0514
6799.1631
5609.3132
6988.6478
4646.7514
6421.6818
6723.1419
6826.4176
6779.0641
7183.0318
5282.4472
6492.88
4919.8534
6141.3838
6285.2526
4525.5302
5334.3705
5737.0138
3538.9336
4866.3556
3814.24
6940.235
4149.4459
7894.3541
7187.8756
6241.4659
7713.1183
6233.8106
6230.2659
5696.9338
2166.0514
6808.6873
6227.5372
5468.4604
7321.6486
7811.5352
5992.3748
6156.4932
3122.1301
5732.4426
6576.2755
4040.0564
6942.1397
3760.444
6922.7815
4560.46
6180.8283
8269.5846
6148.5703
5560.442
4666.6278
5345.6747
4614.3355
7215.1883
5185.6934
5748.1618
5411.7137
6883.0972
6911.3186
4423.821
6404.7158
7439.5033
7609.4406
5043.254
4441.9887
4429.856
6088.9774
8445.6707
5951.9852
4811.4129
3886.7716
6114.3076
7042.7632
7988.3308
6445.4909
6134.8115
6731.3974
6030.1553
8380.9786
2949.5807
3497.7341
7263.3045
4647.8656
7454.1651
7081.0008
4194.4901
7447.9262
5300.7452
5902.5211
5715.6862
6877.1147
6259.213
6777.0865
8509.6799
8503.0959
8910.8064
5944.2504
3900.1473
5260.661
8507.5895
6729.3795
7448.8522
6798.1091
4931.1594
6615.2736
2725.1808
7077.6161
4996.6974
6751.4631
4709.0829
6687.2826
6013.5612
6045.9401
8411.8274
4453.7834
6106.5592
6292.0157
4453.8339
6967.8236
4800.9153
2791.2143
7974.347
5924.6091
5221.4566
5348.2975
2670.3868
5413.1951
3575.9295
7294.6785
6947.0994
8295.2544
5992.0416
2984.0233
4474.995
8209.7532
7034.3853
3932.4475
1986.106
6768.3836
6569.8009
6443.683
4292.7986
6803.9149
4607.7946
7478.1109
4260.3079
2850.55
5282.072
6356.2495
3879.087
5543.7911
5108.5412
5831.8976
5638.8515
3988.2186
4718.8712
5807.217
6582.0724
4450.5465
5948.195
6002.7672
4899.0889
5747.6439
4692.7098
6153.3339
5090.908
4093.8289
6285.4176
6188.8564
7908.3632
4913.2639
6933.0286
4327.0528
6749.5175
4713.3383
6234.9061
5683.5649
5722.4531
5945.5216
6621.4868
5716.3068
4875.049
4790.7052
4899.8613
4206.4673
6224.4884
6243.5114
4736.9169
4879.1707
6504.0511
2983.5494
5590.1039
4006.7995
3765.6554
5111.0726
3986.4572
6551.6798
4906.6078
4969.0583
4518.211
5281.6181
6737.2116
3975.9733
6425.5212
4802.5196
5098.7893
5462.6722
4696.1292
5986.9904
4228.8096
5116.5788
4763.0792
5838.9645
5239.6203
6707.2568
4904.147
5888.5248
6365.0416
4225.8005
6434.0296
8052.3998
5502.262
5841.0995
4100.9827
3325.8555
5092.6149
5290.3341
6775.9594
7222.1941
3151.974
5927.0922
5854.2357
8757.2218
9418.3483
7353.6351
7443.5391
5916.6543
8525.4451
7562.7053
8279.9326
4544.9013
2058.9512
5738.0883
7743.8115
7025.3845
6868.0903
4850.9882
4091.9871
6574.9936
6035.9219
5202.3565
6776.2572
5333.916
9075.9669
6784.5022
6501.46
7697.1979
8290.1024
7594.1901
6792.5215
4387.647
5448.7886
7471.251
2815.1982
5867.662
7327.2512
5676.7993
4623.8824
6691.665
6875.9776
4350.5776
7476.7229
5897.6151
5449.3474
6699.4837
4304.995
5509.6566
3049.5914
8233.8853
6808.7817
4431.7168
7532.1143
7256.143
5310.7711
4546.6681
2692.4473
5310.6643
7016.1388
4406.1234
5802.9698
4529.4417
5547.5088
7818.9958
7707.8247
8947.4876
5796.0663
6438.5116
5177.0483
7454.867
7337.8552
5971.6313
4620.9172
6672.4135
6698.067
7586.0738
7315.7531
7678.4955
4815.4594
7346.8418
6006.4576
7117.6835
6353.4745
5108.778
4783.9113
6673.9278
5841.2561
6129.9757
6643.3005
4750.3176
6030.5498
8036.4088
4988.7548
5646.0697
5123.3039
3305.1663
7916.2804
6140.8477
6510.7479
3805.3255
5546.4302
6750.4059
6639.5369
3314.3295
6489.8061
4025.1187
7796.7872
5527.2243
6813.113
3494.9122
6912.9094
4767.5554
6014.2178
3322.3255
4872.027
7616.8018
4625.9258
4081.4183
5404.5198
4709.0255
5332.103
6772.4386
6457.1259
4079.2285
6072.9779
5459.218
5864.6754
5820.9573
6944.4575
8579.1754
4912.2523
5410.4766
4535.1671
3238.4092
4332.6956
6186.7258
8804.9603
8134.7282
6615.6169
5388.1168
4711.7693
4825.0061
6436.1363
5642.2322
2999.0329
4703.9698
4349.7086
5740.301
6940.9625
2762.9183
5927.6421
3167.0075
4455.5386
5551.5632
3889.3702
4080.3316
3818.6016
6528.2009
5886.1949
3288.8857
4644.6705
6391.0655
3011.2033
6631.2733
5229.2896
9114.4626
3862.3093
3745.0255
6473.9068
