[4.8827, 3.2485, 5.3174, 3.3195, 12.3482, 2.4672, 11.6036, 2.0501]
[5.0691, 2.9644, 5.5886, 2.9449, 12.4585, 2.5798, 11.6481, 2.1198]
[4.75, 3.2226, 5.2675, 3.3394, 13.3368, 2.1755, 12.49, 2.0118]
[4.73, 2.7442, 5.2412, 2.6867, 12.455, 2.4722, 11.6796, 2.0485]
[4.3391, 3.0953, 4.8495, 3.216, 13.2867, 2.3575, 12.5455, 2.1243]
[4.8626, 3.3066, 5.5417, 3.3627, 13.0916, 2.363, 12.2336, 1.9918]
[4.6649, 3.055, 5.2614, 3.1181, 13.3916, 2.1388, 12.5606, 1.8889]
[4.8278, 3.3201, 5.3647, 3.45, 13.1535, 2.3349, 12.3113, 2.0176]
[5.0824, 3.2596, 5.535, 3.278, 12.6866, 2.2417, 12.0112, 1.9228]
[4.8261, 2.7271, 5.3311, 2.747, 12.5781, 2.678, 11.6962, 2.2064]
[4.8415, 2.5708, 5.2254, 2.5409, 12.5997, 2.2454, 11.9815, 1.9029]
[4.955, 2.9771, 5.3801, 3.0032, 12.4572, 2.5843, 11.7291, 2.1897]
[4.7919, 2.8181, 5.4258, 2.842, 12.651, 2.6412, 11.5352, 2.0332]
[4.6313, 3.0152, 5.3595, 3.0371, 12.5819, 2.7511, 11.3687, 2.1621]
[5.0105, 3.6337, 5.5188, 3.75, 12.4998, 2.5502, 11.7003, 2.1041]
[4.9415, 3.1664, 5.4911, 3.2089, 12.5542, 2.5224, 11.6938, 1.9787]
[4.3947, 2.2247, 4.7462, 2.206, 13.0041, 2.2285, 12.3848, 1.9265]
[5.3425, 3.423, 6.0822, 3.4013, 12.8052, 2.517, 11.8568, 2.1535]
[5.4202, 3.4991, 6.2119, 3.448, 12.549, 2.6802, 11.5182, 2.1241]
[5.1436, 3.0935, 5.88, 3.022, 12.1785, 2.7307, 11.0362, 2.0266]
[5.5784, 3.3249, 6.0932, 3.2491, 12.0279, 2.5158, 11.3578, 2.0837]
[4.5795, 2.8233, 5.0265, 2.7882, 12.7018, 2.4264, 12.0847, 2.2175]
[4.7429, 2.8218, 5.1438, 2.7828, 12.4684, 2.3558, 11.8483, 2.0941]
[4.7317, 3.2984, 5.0, 3.3791, 12.3638, 2.5989, 11.8745, 2.2958]
[4.9194, 2.5984, 5.6531, 2.4121, 12.3571, 2.6284, 11.2104, 1.9715]
[4.8442, 2.9367, 5.2706, 2.9581, 12.8556, 2.2763, 12.194, 1.9636]
[4.54, 3.0213, 5.0663, 3.0402, 13.135, 2.1878, 12.3383, 2.0201]
[4.7287, 2.985, 5.1118, 3.0483, 12.4361, 2.5875, 11.7269, 2.2264]
[4.4009, 2.5054, 4.9474, 2.53, 13.1486, 2.3523, 12.1482, 1.8986]
[4.7288, 2.9487, 5.0449, 2.9943, 12.5425, 2.2312, 11.9442, 1.9399]
[5.0735, 2.9819, 5.4333, 2.9825, 12.0199, 2.6529, 11.3982, 2.2915]
[4.7966, 3.3838, 5.1143, 3.4429, 12.3896, 2.6266, 11.8802, 2.395]
[4.491, 3.0502, 4.9247, 3.1341, 13.2463, 2.2383, 12.5711, 2.1049]
[4.5459, 2.8813, 4.9367, 2.9267, 12.9143, 2.3771, 12.2615, 2.095]
[4.6196, 3.1583, 5.2329, 3.2478, 12.6222, 2.6337, 11.5823, 2.1012]
[4.6037, 2.7641, 5.2663, 2.7618, 12.8554, 2.6544, 11.7755, 2.1937]
[4.25, 2.6424, 4.7444, 2.7, 12.935, 2.2442, 12.0447, 1.83]
[4.5091, 2.8596, 5.0395, 2.9273, 13.0782, 2.3151, 12.1436, 1.9545]
[4.605, 3.0698, 5.1436, 3.1264, 12.846, 2.4399, 12.0051, 2.0624]
[4.5437, 3.1058, 4.9883, 3.2191, 12.8909, 2.3105, 12.12, 1.9272]
[4.6861, 2.83, 5.227, 2.7943, 12.9168, 2.4765, 12.1796, 2.2496]
[4.8626, 2.5713, 5.408, 2.4891, 12.6134, 2.4749, 11.7817, 2.0369]
[4.6579, 3.0129, 5.0949, 3.1134, 12.8051, 2.4089, 12.0403, 2.0686]
[5.0714, 2.9792, 5.3929, 3.0011, 11.8464, 2.5984, 11.2558, 2.2252]
[4.6883, 3.3, 5.029, 3.3099, 12.7043, 2.3488, 12.2659, 2.1889]
[4.5755, 2.9523, 4.967, 2.9998, 12.7408, 2.2228, 11.9882, 2.057]
[4.5721, 3.0568, 5.0432, 3.1259, 12.55, 2.4663, 11.818, 2.0729]
[4.5022, 2.8463, 5.0486, 2.8895, 12.9609, 2.2802, 12.0309, 1.9904]
[4.7952, 2.9327, 5.1311, 2.9889, 12.4491, 2.4559, 11.7499, 2.1832]
[4.9686, 3.3914, 5.5622, 3.4134, 12.5729, 2.4452, 11.723, 2.0236]
[4.8841, 3.0608, 5.1978, 3.1281, 12.5253, 2.4749, 11.9781, 2.1944]
[4.8279, 3.2683, 5.1872, 3.3467, 13.083, 2.1732, 12.5544, 1.9142]
[4.8172, 2.7098, 5.2821, 2.7028, 12.5196, 2.5663, 11.7511, 2.1466]
[4.5973, 2.667, 5.0732, 2.6814, 12.7769, 2.2995, 11.9259, 1.9148]
[4.9883, 2.8367, 5.4295, 2.7618, 12.3105, 2.3775, 11.6137, 2.0576]
[4.9463, 3.1703, 5.5357, 3.1958, 12.6709, 2.5336, 11.7928, 2.0494]
[5.18, 2.9711, 5.5227, 3.0012, 12.8003, 2.3047, 12.2766, 2.0523]
[5.7313, 3.2717, 6.4144, 3.1807, 12.0507, 2.671, 11.0357, 2.0485]
[5.3138, 3.2702, 6.0, 3.2358, 12.5897, 2.6289, 11.6035, 2.1757]
[4.6878, 2.6226, 5.1149, 2.6104, 12.7831, 2.3701, 12.0564, 2.0838]
[5.1893, 3.096, 5.9254, 3.0582, 12.4483, 2.6939, 11.2935, 2.1382]
[4.9398, 2.6719, 5.3509, 2.6589, 11.9684, 2.6596, 11.1509, 2.1225]
[5.0385, 2.8811, 5.6531, 2.8658, 12.4086, 2.7644, 11.3993, 2.1545]
[4.97, 2.9646, 5.5215, 3.0099, 12.546, 2.6266, 11.5484, 2.1338]
[5.1117, 2.9007, 5.6071, 2.8474, 12.5309, 2.5034, 11.7837, 2.1945]
[4.6863, 2.7439, 5.0983, 2.7699, 12.5926, 2.5257, 11.8589, 2.1465]
[5.0247, 3.3792, 5.6818, 3.3963, 12.5633, 2.4534, 11.6382, 1.8696]
[4.8419, 2.8859, 5.5294, 2.8454, 12.577, 2.6793, 11.4767, 2.0897]
[5.1361, 2.9503, 5.642, 2.9115, 12.5241, 2.5051, 11.7822, 2.0526]
[5.0681, 3.2666, 5.8649, 3.279, 12.4431, 2.825, 11.2733, 2.0448]
[4.7302, 2.9905, 5.5761, 3.0654, 12.3024, 2.9721, 10.7208, 1.8785]
[5.1319, 2.7418, 5.8696, 2.5589, 12.1359, 2.7546, 10.9384, 2.0556]
[4.0381, 2.0421, 4.1771, 2.0716, 12.6858, 2.3372, 12.3287, 2.1152]
[4.6324, 2.7519, 5.3333, 2.7744, 12.7628, 2.7667, 11.54, 2.1247]
[4.8565, 2.9894, 5.3621, 3.0174, 12.643, 2.5726, 11.8152, 2.2093]
[4.9638, 3.0824, 5.511, 3.1216, 12.8028, 2.5142, 11.9722, 2.1948]
[4.7333, 2.6807, 5.1469, 2.7103, 12.6399, 2.5966, 11.8995, 2.2339]
[4.9246, 2.7288, 5.2898, 2.678, 12.2103, 2.6227, 11.6047, 2.3198]
[5.1606, 2.8008, 5.638, 2.7821, 12.1575, 2.6692, 11.2656, 2.1167]
[4.7014, 2.7383, 5.2164, 2.7878, 12.8987, 2.4677, 11.9388, 2.1573]
[4.6076, 2.3479, 4.9848, 2.3794, 12.5573, 2.6054, 11.7367, 2.1333]
[4.8919, 2.6446, 5.2099, 2.6677, 12.2149, 2.5302, 11.5536, 2.0618]
[4.6318, 2.5452, 4.9319, 2.5929, 12.666, 2.4669, 12.0436, 2.1411]
[4.725, 2.8424, 5.0867, 2.8768, 12.905, 2.433, 12.3067, 2.1964]
[4.4545, 2.5357, 4.8011, 2.609, 12.8764, 2.4451, 12.1907, 2.1188]
[4.7573, 2.618, 5.2515, 2.662, 12.6048, 2.7278, 11.7018, 2.1999]
[4.4505, 2.8828, 4.8042, 2.9705, 12.8849, 2.4599, 12.2331, 2.1887]
[4.5929, 3.0258, 5.0259, 3.1417, 12.8963, 2.599, 12.1393, 2.2971]
[4.8918, 3.1003, 5.3234, 3.117, 12.82, 2.2458, 12.1872, 1.9072]
[5.215, 3.3762, 5.7294, 3.3968, 12.5094, 2.4391, 11.7717, 2.04]
[4.8933, 3.043, 5.2727, 3.0412, 12.7852, 2.1848, 12.2717, 1.9941]
[4.8962, 2.9442, 5.2063, 2.9609, 12.494, 2.3803, 11.9301, 2.1535]
[4.6548, 2.7543, 5.1104, 2.8045, 12.913, 2.5352, 12.1028, 2.2578]
[4.9105, 3.1834, 5.311, 3.2396, 12.3324, 2.5402, 11.6438, 2.1623]
[4.4044, 3.1101, 4.6855, 3.2372, 12.8821, 2.2343, 12.3271, 1.9931]
[4.7968, 2.8793, 5.2075, 2.9291, 12.8303, 1.9435, 12.1184, 1.7887]
[4.6174, 2.9417, 5.1576, 3.0436, 13.1036, 2.3786, 12.2107, 2.0457]
[4.5991, 2.9678, 5.0, 2.9808, 12.8322, 2.4131, 12.2653, 2.1589]
[4.8722, 3.1561, 5.3982, 3.1244, 12.3377, 2.4769, 11.5191, 2.0234]
[4.7647, 2.4582, 5.1965, 2.4058, 12.4003, 2.5715, 11.5979, 2.1535]
[4.9517, 2.7395, 5.3333, 2.7264, 12.7538, 2.3316, 12.1378, 2.0764]
[4.4978, 2.4838, 4.8031, 2.5271, 12.8063, 2.3724, 12.1833, 2.1327]
[5.1453, 3.1222, 5.5545, 3.1606, 12.8034, 2.3885, 12.2265, 2.0383]
[5.1045, 3.0065, 5.5172, 3.0148, 12.3846, 2.4681, 11.6961, 2.1576]
[4.9789, 3.083, 5.4596, 3.0948, 12.5984, 2.5804, 11.8402, 2.2215]
[5.4211, 3.2754, 6.0385, 3.2931, 12.364, 2.7068, 11.398, 2.1007]
[4.9838, 2.9637, 5.619, 2.9951, 12.6105, 2.6532, 11.5832, 2.0907]
[5.065, 2.6553, 5.4624, 2.6282, 12.388, 2.4693, 11.7023, 2.0861]
[4.8881, 2.7499, 5.2203, 2.7591, 12.4057, 2.5495, 11.8129, 2.3233]
[4.5909, 2.4667, 5.1309, 2.4895, 12.7692, 2.648, 11.7472, 2.0948]
[5.1656, 2.9643, 5.5802, 2.9524, 12.6075, 2.4368, 12.002, 2.0837]
[4.8152, 2.6781, 5.2722, 2.6039, 13.0551, 2.0339, 12.3885, 1.8767]
[5.0104, 2.9878, 5.6258, 2.9971, 12.701, 2.5746, 11.6836, 2.1304]
[5.3538, 2.7925, 5.7193, 2.7873, 12.3041, 2.5234, 11.6576, 2.1266]
[4.5933, 2.5667, 4.9297, 2.6255, 12.9358, 2.3398, 12.245, 2.0605]
[4.723, 2.9252, 5.1742, 2.9808, 12.9842, 2.4352, 12.2677, 2.0896]
[4.4866, 2.8592, 5.1361, 2.8705, 12.8681, 2.5363, 11.7952, 2.1176]
[4.6713, 2.9442, 5.2017, 2.9322, 12.5634, 2.5757, 11.7644, 2.2811]
[5.2, 3.1568, 5.7051, 3.1749, 12.2862, 2.6185, 11.4463, 2.1396]
[5.0809, 2.9591, 5.5541, 2.9277, 12.2568, 2.5459, 11.4775, 2.0928]
[4.7403, 2.568, 5.0889, 2.5429, 12.3058, 2.5193, 11.6537, 2.2147]
[5.1098, 3.0763, 5.7164, 3.0801, 12.9037, 2.3582, 12.0321, 2.045]
[5.145, 3.0698, 5.52, 3.0999, 12.5083, 2.2651, 11.9524, 1.9798]
[4.9952, 3.1965, 5.5029, 3.2482, 12.6275, 2.4702, 11.7876, 2.0213]
[5.1187, 3.1032, 5.7933, 3.0263, 12.5821, 2.4795, 11.7161, 1.9951]
[4.8158, 2.7305, 5.4408, 2.687, 12.5997, 2.6067, 11.6005, 2.0317]
[5.1181, 3.1502, 5.8661, 3.1834, 12.4543, 2.8031, 11.1935, 2.1228]
[4.8971, 3.0372, 5.119, 3.041, 11.9113, 2.4212, 11.4923, 2.2029]
[4.7182, 3.3633, 4.9697, 3.4508, 12.085, 2.6292, 11.6191, 2.3885]
[4.3434, 2.6337, 4.5563, 2.6536, 12.7615, 2.2302, 12.3651, 2.053]
[4.4921, 3.0803, 4.8288, 3.1189, 12.4593, 2.3677, 11.9069, 2.0292]
[4.6319, 2.9556, 4.9857, 3.0331, 12.962, 2.3767, 12.3556, 2.1937]
[4.5246, 2.875, 4.8846, 2.9525, 12.3637, 2.5527, 11.6498, 2.1587]
[5.1337, 3.1586, 5.9861, 3.1069, 12.7958, 2.5867, 11.5729, 2.1072]
[5.4729, 3.7696, 6.1429, 3.7989, 12.4002, 2.6078, 11.5548, 2.1907]
[5.345, 3.2351, 5.8994, 3.2099, 12.2952, 2.5771, 11.4922, 2.1197]
[5.2062, 3.2346, 5.6826, 3.228, 12.5399, 2.5608, 11.8527, 2.2601]
[4.9, 2.7942, 5.22, 2.8116, 12.388, 2.4689, 11.8717, 2.1355]
[4.8209, 2.6369, 5.2034, 2.563, 11.6853, 2.48, 11.0136, 2.0096]
[4.3333, 2.5612, 4.6569, 2.6009, 12.8606, 2.4507, 12.2706, 2.1827]
[4.945, 3.012, 5.4142, 3.0353, 12.6755, 2.5169, 11.9485, 2.1227]
[4.8571, 2.9987, 5.2042, 3.013, 12.4062, 2.3432, 11.8754, 2.0007]
[5.0903, 2.8497, 5.4088, 2.8734, 12.1265, 2.6381, 11.5573, 2.2511]
[4.788, 3.1526, 5.2152, 3.1909, 12.3219, 2.6223, 11.6357, 2.2918]
[4.6171, 2.6932, 4.8075, 2.7153, 12.3872, 2.3734, 12.0174, 2.1528]
[4.7548, 2.5535, 5.0511, 2.5611, 12.4944, 2.4153, 11.9625, 2.1803]
[4.4486, 2.4159, 4.6964, 2.3874, 12.6542, 2.023, 12.2668, 1.8497]
[4.5078, 2.5553, 4.8512, 2.5463, 12.4615, 2.4262, 11.8453, 2.0629]
[4.2888, 2.7898, 4.655, 2.8189, 12.9574, 2.2385, 12.4145, 1.9933]
[4.993, 3.2441, 5.5207, 3.2476, 12.3566, 2.5499, 11.5363, 2.2865]
[5.0109, 3.2504, 5.2189, 3.3094, 12.5374, 2.3799, 12.1603, 2.2385]
[4.9492, 3.4929, 5.4207, 3.6392, 12.4108, 2.6871, 11.5752, 2.1971]
[5.0629, 3.3663, 5.5041, 3.4739, 12.7931, 2.3893, 12.058, 2.0661]
[5.0199, 3.2642, 5.3507, 3.3104, 12.7106, 2.3945, 12.1899, 2.1455]
[4.6875, 2.7857, 5.1507, 2.822, 12.5985, 2.6055, 11.7646, 2.1426]
[4.4452, 3.2132, 4.8496, 3.2847, 12.7887, 2.2028, 12.1786, 2.1204]
[4.4706, 2.6502, 4.8686, 2.6403, 12.7582, 2.3517, 12.1275, 2.136]
[4.4439, 2.5994, 4.7692, 2.6402, 12.9346, 2.2046, 12.296, 1.9457]
[4.6651, 2.919, 5.1111, 2.9794, 12.9229, 2.2996, 12.1545, 2.1299]
[5.0361, 3.0331, 5.497, 3.0503, 12.4848, 2.3894, 11.7407, 2.0046]
[4.8757, 2.8807, 5.3636, 2.8568, 12.9687, 2.1663, 12.3144, 1.9493]
[5.065, 2.8277, 5.3818, 2.8187, 12.3021, 2.4679, 11.7319, 2.186]
[5.2113, 3.2992, 5.5669, 3.3002, 12.2212, 2.4623, 11.7358, 2.177]
[5.2041, 3.2197, 5.6693, 3.2118, 11.9785, 2.5035, 11.2948, 2.0135]
[4.625, 2.5509, 5.0541, 2.5463, 12.5218, 2.3956, 11.7268, 1.9506]
[4.7337, 2.781, 5.0753, 2.8359, 12.1197, 2.5455, 11.3897, 2.0738]
[5.0122, 3.2177, 5.5109, 3.287, 11.9621, 2.68, 11.0701, 2.1049]
[4.9385, 2.6932, 5.2453, 2.698, 12.2656, 2.4267, 11.6937, 2.136]
[4.6444, 2.7741, 5.0174, 2.8314, 12.8247, 2.3313, 12.1968, 1.9932]
[4.8831, 2.8512, 5.3906, 2.8538, 12.4657, 2.6005, 11.5473, 2.1481]
[5.0192, 3.1039, 5.4286, 3.0925, 12.2139, 2.5783, 11.5856, 2.1978]
[4.86, 2.832, 5.1685, 2.8452, 12.3456, 2.3432, 11.8328, 1.9395]
[4.6243, 2.476, 4.8176, 2.4797, 12.782, 2.0303, 12.4468, 1.8221]
[4.4819, 2.5571, 4.8643, 2.5918, 12.9268, 2.3401, 12.2605, 2.0317]
[4.1704, 2.4722, 4.3468, 2.4953, 12.8586, 2.1952, 12.4766, 2.0935]
[4.65, 3.0899, 5.2, 3.207, 12.9691, 2.5779, 12.0919, 2.2317]
[4.7333, 2.9136, 5.2645, 2.9952, 12.7379, 2.5872, 11.8134, 2.2231]
[5.1, 2.9869, 5.6774, 3.0052, 12.78, 2.5643, 11.916, 2.1332]
[4.9733, 2.7969, 5.6133, 2.7466, 12.5056, 2.6884, 11.5343, 2.1116]
[4.8141, 2.6182, 5.3212, 2.5796, 12.9389, 2.2834, 12.1525, 1.9363]
[4.4144, 2.7249, 4.7403, 2.8165, 13.1086, 2.2088, 12.4839, 2.021]
[5.1443, 3.1295, 5.4157, 3.1151, 11.4865, 2.4005, 11.0087, 1.9811]
[5.0421, 3.912, 5.2759, 4.002, 11.9793, 2.6664, 11.5772, 2.4153]
[4.6337, 2.8169, 4.7143, 2.8176, 12.0476, 2.2463, 11.9423, 2.1907]
[4.8541, 2.7164, 5.179, 2.744, 12.4568, 2.5125, 11.7751, 2.216]
[5.0352, 2.8959, 5.2734, 2.952, 12.0275, 2.4576, 11.5167, 2.0105]
[5.2038, 3.0322, 5.814, 2.9981, 12.6701, 2.6199, 11.8016, 2.2191]
[4.8929, 3.1548, 5.21, 3.1853, 12.128, 2.542, 11.5462, 2.2695]
[5.0625, 3.1262, 5.7614, 3.1658, 12.2515, 2.7589, 10.9956, 1.9708]
[4.5585, 2.682, 4.8415, 2.7496, 13.0892, 2.2454, 12.5394, 2.0224]
[5.1788, 3.1896, 5.7177, 3.269, 12.9717, 2.5115, 12.1269, 2.0699]
[4.9235, 2.781, 5.5096, 2.7981, 12.572, 2.7854, 11.4678, 2.2385]
[4.7865, 2.7312, 5.2562, 2.746, 12.3896, 2.5605, 11.4939, 2.0924]
[4.8941, 2.5577, 5.5075, 2.5385, 12.5317, 2.6183, 11.3402, 2.0159]
[5.0213, 2.8989, 5.472, 2.8786, 12.3947, 2.4983, 11.6852, 2.1318]
[4.5579, 2.9495, 4.8988, 2.9573, 12.5816, 2.3821, 12.0168, 2.1848]
[5.0238, 2.7079, 5.3862, 2.7347, 11.4927, 2.7291, 10.6388, 1.9534]
[5.3284, 3.2594, 5.8496, 3.2837, 12.1848, 2.6804, 11.2793, 2.1289]
[5.0656, 3.2283, 5.4012, 3.2801, 12.8831, 2.1653, 12.3443, 2.0055]
[5.3719, 3.7353, 5.9314, 3.8047, 12.4111, 2.6969, 11.633, 2.2613]
[5.3969, 3.2192, 6.0633, 3.1995, 12.767, 2.6783, 11.8814, 2.3133]
[4.7819, 2.8991, 5.3289, 2.9575, 12.726, 2.6047, 11.7623, 2.2107]
[5.2568, 3.0163, 5.8553, 2.9567, 12.3642, 2.5671, 11.4747, 2.0875]
[5.4388, 3.1946, 6.1203, 3.1929, 12.5151, 2.6895, 11.4684, 2.1211]
[5.4667, 3.3139, 6.2183, 3.3423, 12.6157, 2.8268, 11.4938, 2.2227]
[5.0667, 2.7608, 5.5391, 2.7068, 12.4856, 2.3549, 11.7324, 1.9479]
[5.2197, 3.467, 5.9333, 3.5356, 12.7023, 2.6752, 11.6087, 2.1409]
[4.5111, 2.8392, 4.8831, 2.8964, 13.1887, 2.0161, 12.5256, 1.8528]
[5.097, 3.2801, 5.7143, 3.2305, 12.5991, 2.4782, 11.8717, 2.0824]
[4.9683, 3.1495, 5.486, 3.1337, 12.5179, 2.5061, 11.7199, 2.2215]
[4.7778, 2.8542, 5.1753, 2.8665, 12.4883, 2.5215, 11.8595, 2.2235]
[5.1346, 3.0902, 5.7384, 3.0549, 12.6198, 2.4958, 11.7565, 2.1078]
[4.7755, 2.9916, 5.2349, 3.0179, 12.9293, 2.2299, 12.1907, 2.0608]
[5.0905, 3.0984, 5.7562, 3.0959, 12.7047, 2.474, 11.6912, 2.1553]
[5.2338, 3.0907, 5.6364, 3.0884, 12.312, 2.4215, 11.6884, 2.0394]
[4.9257, 2.8807, 5.424, 2.8489, 11.9225, 2.676, 11.0186, 2.0996]
[4.6712, 2.902, 5.1141, 2.9494, 13.1951, 2.1136, 12.5961, 1.7845]
[4.8416, 2.7076, 5.3121, 2.6372, 12.9164, 2.2288, 12.2809, 2.0407]
[4.9406, 3.0477, 5.6474, 3.0426, 12.9601, 2.4773, 12.0079, 2.1664]
[5.2321, 3.1301, 5.8777, 3.0569, 12.5675, 2.4074, 11.7173, 2.0598]
[5.1316, 3.545, 6.2059, 3.6564, 12.6976, 2.8996, 11.0673, 2.0041]
[4.8428, 2.8928, 5.7135, 2.8335, 12.8002, 2.719, 11.4039, 2.131]
[5.1045, 2.9237, 5.7543, 2.932, 12.7471, 2.5324, 11.6901, 1.9045]
[4.9921, 2.6741, 5.3981, 2.6665, 12.4597, 2.7302, 11.7501, 2.3953]
[5.3828, 3.6546, 6.0526, 3.7107, 12.6095, 2.6051, 11.6543, 2.1767]
[5.034, 3.1351, 5.5607, 3.139, 12.7192, 2.3228, 12.0011, 1.8825]
[5.1581, 3.0808, 5.5532, 3.0895, 12.0742, 2.3992, 11.4164, 1.9476]
[4.8259, 2.6663, 5.1705, 2.6638, 12.1904, 2.5708, 11.5751, 2.2265]
[4.8186, 3.1267, 5.3943, 3.1783, 12.9485, 2.3558, 12.0732, 2.0477]
[4.8966, 2.9166, 5.3659, 2.9141, 12.9406, 2.2631, 12.2808, 2.0433]
[5.2951, 2.8688, 5.8158, 2.8755, 12.4499, 2.6493, 11.5941, 2.0851]
[4.8762, 2.7678, 5.3239, 2.8007, 13.0694, 2.4545, 12.3628, 2.1914]
[4.8, 3.1785, 5.1438, 3.2447, 12.5217, 2.5585, 11.9525, 2.249]
[4.6415, 2.7387, 4.9225, 2.7529, 12.2684, 2.3922, 11.7724, 2.1204]
[4.3458, 2.4378, 4.7087, 2.4221, 12.8423, 2.3075, 12.234, 1.9827]
[4.1688, 2.7185, 4.5373, 2.8037, 12.873, 2.4029, 12.1693, 2.1173]
[4.7824, 2.7114, 5.2438, 2.7449, 12.3744, 2.7486, 11.5278, 2.2121]
[4.4091, 2.4617, 4.7105, 2.5017, 12.5204, 2.5312, 11.8349, 2.1502]
[4.4304, 2.5607, 4.7923, 2.5196, 12.0584, 2.5528, 11.4331, 2.0865]
[4.3319, 2.4052, 4.5261, 2.3953, 11.9797, 2.5297, 11.5954, 2.2873]
[4.2071, 2.393, 4.4966, 2.3874, 12.8233, 2.4488, 12.3364, 2.2429]
[4.9744, 3.2541, 5.3592, 3.2705, 12.6957, 2.5206, 12.1609, 2.274]
[5.2484, 3.4966, 5.9032, 3.5705, 12.4157, 2.7398, 11.4055, 2.2286]
[5.1804, 3.2385, 5.9211, 3.2778, 12.2229, 2.8027, 11.0594, 2.0706]
[5.161, 3.0313, 5.7219, 3.0479, 12.6103, 2.4546, 11.687, 2.0236]
[4.9077, 3.5419, 5.4383, 3.6514, 12.913, 2.5128, 12.1196, 2.1886]
[5.1404, 2.9995, 5.7724, 2.9636, 12.3762, 2.7514, 11.3363, 2.2392]
[4.9362, 3.0953, 5.4, 3.1129, 12.7793, 2.4361, 12.106, 2.121]
[5.3148, 3.3249, 5.9846, 3.3786, 12.5648, 2.7231, 11.5532, 2.146]
[5.1242, 3.2122, 6.0, 3.3408, 12.3896, 3.055, 10.789, 1.9557]
[5.0243, 3.2238, 5.435, 3.2931, 12.8436, 2.4174, 12.1559, 2.1592]
[5.1122, 3.1703, 5.8671, 3.2298, 12.5128, 2.8379, 11.2481, 2.0299]
[5.3147, 3.0232, 5.9752, 2.9466, 11.949, 2.7541, 10.8963, 2.042]
[5.4346, 3.1614, 6.0503, 3.1016, 12.3072, 2.6852, 11.4312, 2.219]
[5.3112, 3.6253, 6.1226, 3.655, 12.7738, 2.5222, 11.7958, 2.1119]
[4.9431, 3.1722, 5.3516, 3.2187, 12.7403, 2.481, 12.1167, 2.2073]
[4.7706, 3.1136, 5.0855, 3.1371, 12.1069, 2.3472, 11.5738, 1.9883]
[5.4356, 3.3926, 6.1439, 3.387, 11.928, 2.8395, 10.8181, 2.0413]
[5.1357, 3.1586, 5.6647, 3.1748, 12.2393, 2.5476, 11.4063, 2.0745]
[4.8433, 3.1025, 5.3279, 3.1313, 12.5698, 2.6685, 11.8136, 2.3734]
[5.1337, 2.9462, 5.6784, 2.8667, 12.4665, 2.6136, 11.6813, 2.2164]
[4.6456, 2.9206, 5.0809, 2.9786, 12.472, 2.6346, 11.67, 2.2079]
[5.302, 3.6356, 5.9106, 3.7133, 12.3329, 2.6864, 11.3959, 2.1351]
[4.922, 3.0338, 5.3146, 3.0579, 12.4089, 2.5816, 11.7094, 2.2736]
[4.7323, 3.2897, 5.3822, 3.3851, 13.0012, 2.3439, 12.0237, 1.9088]
[5.2959, 3.2536, 5.7278, 3.2956, 12.1929, 2.7264, 11.509, 2.2738]
[5.3228, 3.5202, 6.13, 3.5374, 12.8553, 2.592, 11.8083, 2.0237]
[5.4697, 3.4534, 6.2628, 3.4735, 12.5048, 2.6929, 11.3478, 2.0093]
[5.1123, 3.0544, 5.7815, 3.0207, 12.6801, 2.417, 11.6243, 1.9183]
[5.4124, 3.4762, 6.0136, 3.5148, 12.8081, 2.5116, 12.045, 2.195]
[5.4588, 3.3692, 6.0494, 3.3771, 12.654, 2.4325, 11.8162, 2.0266]
[5.0214, 3.067, 5.4957, 3.1341, 12.5556, 2.7446, 11.6622, 2.4061]
[5.0, 2.8489, 5.5806, 2.8075, 12.491, 2.6532, 11.5882, 2.1613]
[5.4479, 3.2799, 5.9693, 3.2868, 12.5659, 2.5242, 11.8248, 2.1225]
[5.0495, 3.0128, 5.5146, 3.0365, 12.742, 2.4285, 12.0288, 2.0539]
[4.8273, 2.852, 5.3189, 2.8362, 12.8049, 2.4683, 12.0559, 2.2581]
[4.4512, 2.6078, 4.878, 2.6411, 12.9042, 2.4788, 12.1118, 2.2581]
[5.2928, 3.132, 6.0709, 3.1186, 12.7086, 2.8224, 11.6167, 2.24]
[5.3598, 3.2183, 5.981, 3.1452, 12.4016, 2.6671, 11.6224, 2.1873]
[5.067, 2.897, 5.6108, 2.8983, 12.742, 2.5205, 11.887, 2.2154]
[4.9742, 3.0754, 5.4878, 3.0613, 13.2473, 2.0917, 12.5413, 1.9918]
[4.771, 2.8488, 5.4653, 2.8858, 12.7933, 2.5124, 11.4382, 1.9783]
[5.0481, 3.041, 5.6607, 3.0664, 12.7101, 2.6205, 11.7316, 2.1859]
[4.9279, 3.3469, 5.6102, 3.4099, 12.5467, 2.6148, 11.5248, 2.0856]
[4.9135, 2.8424, 5.5148, 2.8119, 12.7007, 2.5834, 11.7302, 2.1609]
[5.0905, 2.6976, 5.6, 2.6472, 12.3213, 2.7066, 11.4381, 2.1827]
[4.7123, 2.8946, 5.4023, 2.8445, 13.0175, 2.3692, 12.1397, 2.0307]
[5.2915, 3.3648, 6.2368, 3.3022, 12.4456, 2.7742, 11.1571, 2.1606]
[4.7897, 3.0579, 5.558, 3.0363, 12.9849, 2.5672, 11.8985, 2.2141]
[5.3514, 3.3387, 5.9608, 3.3566, 12.6153, 2.426, 11.7374, 2.1225]
[4.9735, 3.4663, 5.5287, 3.5415, 12.6446, 2.4714, 11.7928, 2.1477]
[5.642, 3.9231, 6.2117, 4.0044, 12.5866, 2.5292, 11.7798, 2.2169]
[5.2063, 2.8757, 5.6303, 2.8268, 12.241, 2.4761, 11.5937, 2.0863]
[4.8814, 3.0868, 5.32, 3.146, 12.9335, 2.1484, 12.2247, 1.7927]
[4.7791, 2.7426, 5.1418, 2.7691, 12.7715, 2.3048, 12.1405, 2.127]
[5.1753, 3.0132, 5.7054, 2.9997, 12.1936, 2.7277, 11.3367, 2.2067]
[4.9205, 3.1124, 5.3506, 3.0823, 12.3012, 2.4683, 11.7153, 2.2237]
[5.1895, 3.2313, 5.6212, 3.2649, 12.277, 2.4596, 11.5917, 2.0593]
[4.95, 2.874, 5.6016, 2.8376, 12.4394, 2.7995, 11.3705, 2.2209]
[5.4091, 3.3119, 5.8854, 3.2656, 11.7115, 2.5976, 11.0089, 2.0547]
[4.7553, 2.8272, 5.1273, 2.8073, 11.8852, 2.6574, 11.2447, 2.2642]
[4.377, 2.1488, 4.625, 2.1787, 11.9939, 2.6458, 11.3382, 2.1908]
[5.3355, 3.0391, 5.6642, 3.014, 12.2316, 2.5128, 11.7207, 2.2147]
[4.6223, 2.7302, 4.8841, 2.7795, 12.4664, 2.3818, 11.9296, 2.1342]
[4.806, 2.9214, 5.2426, 2.9783, 12.2594, 2.6789, 11.3804, 2.1367]
[4.9602, 3.1521, 5.4931, 3.2425, 12.758, 2.5575, 11.8527, 2.1474]
[4.8705, 2.782, 5.1017, 2.7843, 11.872, 2.4166, 11.4177, 2.1913]
[4.976, 2.8071, 5.1699, 2.8533, 11.9149, 2.4482, 11.4867, 2.0838]
[4.9068, 3.054, 5.2701, 3.1681, 12.4423, 2.6556, 11.7031, 2.2309]
[4.7708, 2.7022, 5.0794, 2.7418, 11.8808, 2.6545, 11.1782, 2.1434]
[4.662, 2.9426, 4.9021, 3.0061, 12.3965, 2.3205, 11.9285, 2.0953]
[4.6412, 2.7933, 4.8333, 2.8324, 12.002, 2.4813, 11.5955, 2.1774]
[4.3636, 2.5737, 4.5851, 2.611, 12.5953, 2.3832, 12.1183, 2.1547]
[4.5649, 3.1504, 4.9018, 3.2813, 12.5846, 2.416, 11.845, 2.0155]
[4.5522, 2.6782, 4.7705, 2.6983, 12.3846, 2.3317, 11.969, 2.1247]
[5.4884, 3.3783, 5.9467, 3.37, 11.7108, 2.7541, 10.9685, 2.3184]
[4.6639, 2.2011, 5.1327, 2.1316, 12.2892, 2.5173, 11.3239, 1.9202]
[4.9073, 2.6303, 5.146, 2.6403, 11.9719, 2.4867, 11.4876, 2.1866]
[4.6884, 2.8585, 4.9512, 2.9102, 12.1388, 2.5535, 11.6279, 2.2041]
[5.0238, 3.0744, 5.3158, 3.0788, 11.6495, 2.5209, 11.1489, 2.0927]
[5.1094, 2.9268, 5.5545, 2.9126, 11.8879, 2.6618, 11.0678, 2.2246]
[5.0556, 3.6872, 5.4184, 3.8152, 11.5474, 2.6441, 10.7972, 2.0086]
[4.6382, 2.1599, 4.8214, 2.139, 12.1195, 2.4861, 11.7359, 2.1988]
[5.551, 3.1302, 5.9432, 3.065, 11.789, 2.4156, 11.2632, 2.1204]
[4.869, 2.8817, 5.697, 2.6684, 12.2008, 2.804, 11.012, 1.9843]
[4.8239, 2.5564, 5.1143, 2.5859, 12.3633, 2.4039, 11.7309, 2.0078]
[5.0888, 3.4052, 5.6619, 3.488, 12.1457, 2.6263, 11.2147, 2.0291]
[5.23, 3.3252, 5.7857, 3.3383, 12.7094, 2.519, 12.0047, 2.1843]
[5.1225, 3.1761, 5.75, 3.2373, 13.0255, 2.4448, 12.0999, 2.0853]
[5.1786, 3.021, 5.7561, 2.9593, 12.5782, 2.5849, 11.7908, 2.229]
[5.4153, 3.3441, 6.1074, 3.326, 12.5966, 2.5303, 11.6816, 2.001]
[5.3116, 3.4281, 6.0377, 3.4621, 13.0923, 2.428, 12.1145, 2.1922]
[5.1524, 3.6901, 5.7259, 3.8209, 13.3466, 2.4197, 12.5883, 2.2278]
[5.0047, 2.934, 5.7024, 2.8982, 13.1087, 2.4893, 12.0704, 2.2642]
[5.5, 3.1152, 5.9419, 3.0549, 12.3675, 2.5229, 11.7815, 2.3136]
[5.2527, 3.2347, 5.7871, 3.2048, 12.4695, 2.3929, 11.7354, 2.0808]
[5.1782, 3.1179, 5.7123, 3.1186, 12.2432, 2.6268, 11.4282, 2.1223]
[4.9736, 2.9592, 5.5269, 2.9806, 12.9175, 2.4405, 12.0817, 2.0374]
[4.7717, 2.7586, 5.2228, 2.774, 12.8195, 2.4136, 12.0167, 2.1654]
[5.0977, 2.7778, 5.4241, 2.7692, 12.3582, 2.2933, 11.8005, 1.9613]
[4.9113, 2.8148, 5.2753, 2.81, 12.2665, 2.4722, 11.6522, 2.1853]
[4.9014, 2.9653, 5.3444, 3.0117, 13.1438, 2.2593, 12.5004, 2.0814]
[5.1805, 3.3687, 5.7193, 3.4323, 12.563, 2.6265, 11.7109, 2.2645]
[4.5435, 3.1326, 5.0179, 3.2895, 13.2689, 2.5184, 12.424, 2.3045]
[5.3333, 3.0863, 6.057, 3.0424, 12.3503, 2.6695, 11.1802, 2.0462]
[5.1409, 2.7836, 6.0932, 2.6605, 12.4472, 2.9819, 10.8281, 1.9975]
[5.2261, 3.1326, 6.0261, 3.1497, 12.899, 2.6336, 11.7218, 2.1764]
[5.4277, 3.3515, 6.0365, 3.3796, 12.8181, 2.6297, 11.9024, 2.3353]
[5.2471, 3.3872, 5.8741, 3.415, 12.2761, 2.6879, 11.2585, 2.2176]
[4.6214, 2.6074, 5.0345, 2.6171, 12.4922, 2.6547, 11.7052, 2.2656]
[5.1457, 3.0115, 5.9351, 2.971, 12.5655, 2.8242, 11.3652, 2.2071]
[5.2419, 3.104, 5.7692, 3.1129, 12.8907, 2.3529, 12.1273, 2.1152]
[5.2632, 3.0733, 6.0299, 3.0443, 12.7741, 2.5496, 11.5439, 2.0246]
[4.9657, 3.2862, 5.3487, 3.3566, 12.7967, 2.4204, 12.1831, 2.1871]
[5.2376, 3.2525, 5.8844, 3.2733, 12.6037, 2.6122, 11.6752, 2.1547]
[5.349, 3.5806, 6.2148, 3.615, 12.3002, 2.767, 11.0994, 1.9532]
[5.3552, 3.3485, 5.8165, 3.3731, 12.6795, 2.5544, 12.0152, 2.2878]
[4.9756, 2.872, 5.6564, 2.8293, 12.3771, 2.688, 11.2746, 2.0785]
[5.0294, 2.9394, 5.5986, 2.8779, 12.559, 2.4714, 11.7095, 2.1455]
[4.9239, 2.8466, 5.5479, 2.8719, 12.9485, 2.6563, 11.9349, 2.2203]
[5.2304, 2.9607, 5.9448, 2.8869, 12.8236, 2.43, 11.8774, 2.0163]
[5.1345, 3.0622, 5.8696, 3.1041, 12.7507, 2.7321, 11.5279, 2.1366]
[5.1441, 3.2793, 5.875, 3.2954, 12.7009, 2.753, 11.6918, 2.3088]
[4.8932, 3.0303, 5.2584, 3.0996, 12.3913, 2.5837, 11.6652, 2.1681]
[5.0252, 2.6109, 5.4889, 2.5557, 12.3932, 2.5504, 11.6285, 2.1345]
[5.0942, 3.0203, 5.6923, 3.0226, 12.7409, 2.6211, 11.8384, 2.2519]
[5.2471, 3.1862, 6.0519, 3.1794, 12.5868, 2.8465, 11.4132, 2.2893]
[5.2056, 3.4492, 5.7616, 3.4902, 12.9656, 2.2881, 12.211, 2.0801]
[5.0462, 3.2837, 5.6335, 3.3132, 13.0172, 2.2888, 12.2163, 2.1107]
[5.5123, 3.7762, 6.0171, 3.8239, 12.6527, 2.3652, 11.9975, 2.1162]
[5.2969, 3.443, 5.9057, 3.4764, 12.5003, 2.4277, 11.5932, 2.0461]
[5.1389, 3.616, 5.7114, 3.7134, 12.6522, 2.4842, 11.7676, 2.1017]
[5.0045, 2.9527, 5.5652, 2.9592, 12.6857, 2.4888, 11.7889, 2.1271]
[4.9529, 2.7177, 5.4615, 2.6517, 12.5813, 2.5574, 11.8436, 2.141]
[5.0455, 3.2977, 5.7561, 3.3138, 13.2505, 2.326, 12.388, 2.1156]
[4.7586, 2.6817, 5.4111, 2.689, 12.8397, 2.6201, 11.6515, 2.0892]
[5.1592, 3.4141, 5.5943, 3.4394, 12.6086, 2.4594, 11.9926, 2.1541]
[4.8396, 2.9799, 5.3371, 2.9923, 12.4216, 2.5072, 11.5705, 2.1845]
[5.0802, 2.9212, 5.6993, 2.8722, 12.8285, 2.2693, 11.9902, 1.9182]
[4.8486, 2.7744, 5.3702, 2.7494, 12.8627, 2.3338, 12.0895, 1.9511]
[5.0611, 3.1094, 5.6242, 3.1206, 12.471, 2.6, 11.5694, 2.1062]
[4.8565, 2.8792, 5.3672, 2.9315, 12.5153, 2.6602, 11.5675, 2.1534]
[5.3466, 3.3336, 5.9315, 3.3651, 12.3312, 2.5726, 11.4508, 2.0333]
[5.3064, 3.5455, 5.9441, 3.571, 12.688, 2.6073, 11.8456, 2.2829]
[4.8, 2.9573, 5.2573, 3.0211, 12.9109, 2.4621, 12.1328, 2.1003]
[4.9643, 3.1207, 5.5823, 3.1587, 12.7947, 2.5198, 11.8368, 2.0488]
[4.7315, 2.8581, 5.2514, 2.8595, 12.9834, 2.3037, 12.2295, 2.072]
[4.65, 2.6663, 5.0213, 2.7014, 13.1681, 2.2174, 12.5494, 2.0031]
[5.2778, 3.4818, 5.9795, 3.4946, 12.9181, 2.3724, 12.0723, 1.9964]
[4.7032, 3.1389, 5.3257, 3.2022, 12.9474, 2.6024, 12.0209, 2.2342]
[5.1111, 3.2561, 5.7054, 3.2559, 12.8983, 2.4571, 12.1217, 2.1595]
[5.27, 3.3477, 5.6629, 3.3967, 12.9017, 2.2418, 12.337, 2.0661]
[5.4928, 3.4778, 6.0517, 3.5189, 12.4647, 2.6032, 11.6372, 2.2321]
[5.3604, 3.1133, 5.7907, 3.0977, 12.3823, 2.4741, 11.7424, 2.1547]
[5.6098, 3.4456, 6.1799, 3.4333, 12.7068, 2.4168, 11.9892, 2.1611]
[5.2362, 3.326, 5.9505, 3.3578, 12.6766, 2.6397, 11.7, 2.1535]
[4.9559, 2.9808, 5.5521, 3.044, 12.4985, 2.6129, 11.528, 2.0202]
[5.3542, 3.144, 5.8072, 3.1353, 12.3773, 2.4628, 11.6814, 2.0811]
[5.3565, 3.4696, 6.0, 3.4762, 12.6452, 2.4386, 11.8063, 2.0307]
[5.102, 3.2986, 5.544, 3.3835, 12.6665, 2.5189, 11.8952, 2.227]
[4.7842, 2.3833, 5.2069, 2.3763, 12.6303, 2.5513, 11.8248, 2.0192]
[5.3681, 2.9948, 5.9933, 2.9526, 12.2427, 2.7638, 11.2896, 2.1308]
[5.0833, 2.8272, 5.8198, 2.8067, 12.5726, 2.859, 11.2853, 2.0932]
[5.3455, 3.243, 5.4762, 3.2604, 11.2897, 2.3187, 11.0221, 2.1007]
[4.8743, 2.979, 5.2805, 3.0173, 12.2637, 2.4196, 11.5076, 2.1129]
[4.9231, 3.3041, 5.6341, 3.3659, 13.0124, 2.3814, 12.0643, 2.1202]
[4.8409, 2.8172, 5.1345, 2.8013, 12.0098, 2.3819, 11.507, 2.0064]
[4.955, 3.0973, 5.4939, 3.1632, 12.7348, 2.501, 11.8391, 2.1137]
[5.1991, 3.272, 5.8239, 3.3042, 12.3775, 2.6313, 11.4041, 1.9435]
[4.8706, 2.7431, 5.4453, 2.7444, 12.3807, 2.6602, 11.3509, 1.9578]
[4.8309, 2.8916, 5.2034, 2.9127, 12.4327, 2.2796, 11.8414, 1.8847]
[5.2772, 3.1354, 5.6708, 3.15, 12.3843, 2.4441, 11.7778, 2.0634]
[5.0303, 3.0697, 5.5179, 3.0705, 12.6667, 2.4509, 11.9898, 2.0626]
[4.8715, 3.0288, 5.3245, 3.0807, 12.6084, 2.5567, 11.8316, 2.2066]
[5.0857, 2.898, 5.3935, 2.9348, 12.1397, 2.5149, 11.5549, 2.1869]
[4.8883, 2.801, 5.4198, 2.8015, 12.665, 2.566, 11.8056, 2.1537]
[5.1459, 2.8881, 5.8873, 2.9024, 12.5863, 2.8989, 11.3303, 2.1582]
[4.8232, 2.5446, 5.2681, 2.521, 12.5276, 2.6494, 11.7091, 2.2188]
[5.1228, 2.9503, 5.6714, 2.982, 12.2985, 2.6948, 11.294, 2.0237]
[4.8317, 2.8023, 5.519, 2.7804, 12.9579, 2.5891, 11.8817, 2.1407]
[4.3333, 2.254, 4.7263, 2.296, 12.5856, 2.572, 11.7006, 2.0322]
[5.0544, 2.9664, 5.595, 2.9892, 12.4476, 2.542, 11.5438, 2.0329]
[4.5213, 2.6945, 4.9872, 2.7151, 12.8236, 2.3914, 12.0045, 2.0738]
[4.981, 3.127, 5.4593, 3.124, 12.3448, 2.6401, 11.5694, 2.2654]
[4.8925, 3.0299, 5.3425, 3.0762, 12.7145, 2.474, 11.9441, 2.1778]
[4.528, 2.9572, 5.0388, 2.9949, 12.4678, 2.5878, 11.583, 2.1505]
[4.9938, 3.175, 5.6212, 3.1612, 13.0263, 2.4342, 12.1963, 2.1715]
[4.8233, 2.9433, 5.3862, 2.9697, 13.1872, 2.3194, 12.3074, 2.0585]
[5.0376, 3.2063, 5.6784, 3.2564, 12.9673, 2.4687, 12.0027, 2.1339]
[5.2887, 3.4655, 5.8634, 3.5272, 12.976, 2.3407, 12.1644, 2.0138]
[5.1148, 3.0707, 5.6667, 3.1527, 12.2442, 2.7661, 11.2425, 2.0189]
[4.9022, 2.8299, 5.3968, 2.8089, 12.6245, 2.4644, 11.8379, 2.0997]
[5.0272, 2.9753, 5.4615, 3.0221, 12.8198, 2.3496, 12.0916, 2.0179]
[4.9029, 3.1959, 5.3678, 3.2593, 12.8169, 2.3133, 12.1141, 2.1073]
[5.0588, 2.7926, 5.6194, 2.7339, 12.5919, 2.4764, 11.7007, 2.1122]
[5.3889, 3.0739, 5.8947, 3.0804, 12.487, 2.5367, 11.7196, 2.1245]
[4.8052, 2.5228, 5.4475, 2.4705, 12.7287, 2.6043, 11.5818, 2.0406]
[5.1835, 2.9589, 5.9412, 2.9159, 12.2141, 2.8793, 10.9254, 1.9864]
[4.7909, 2.9698, 5.306, 2.9853, 12.6438, 2.386, 11.8347, 1.9898]
[4.8696, 2.5247, 5.2821, 2.5161, 12.623, 2.6279, 11.8595, 2.2427]
[5.0769, 2.9079, 5.462, 2.9266, 12.6439, 2.3069, 11.9409, 1.9656]
[4.7712, 2.8226, 5.1923, 2.8531, 12.8521, 2.2414, 12.2433, 1.9584]
[5.3245, 3.4941, 6.1486, 3.4901, 12.8419, 2.3818, 11.7802, 1.9369]
[5.005, 3.0134, 5.5583, 3.0499, 13.1592, 2.2478, 12.4242, 1.8719]
[5.1307, 3.5477, 5.7963, 3.5989, 13.2013, 2.2406, 12.3577, 2.0096]
[5.198, 3.2953, 5.6316, 3.3173, 13.1276, 2.0467, 12.5924, 1.8146]
[5.1474, 2.9521, 5.6098, 2.904, 12.5891, 2.447, 11.9237, 2.1451]
[4.8065, 2.6811, 5.3851, 2.673, 12.9079, 2.351, 11.9651, 1.8415]
[5.1709, 3.3069, 5.6529, 3.3383, 12.538, 2.3617, 11.7969, 2.0109]
[5.056, 3.1043, 5.74, 3.0972, 12.7328, 2.5669, 11.7105, 2.0913]
[4.9845, 3.0479, 5.6129, 3.0783, 13.1879, 2.4235, 12.2939, 2.2157]
[4.9858, 2.8409, 5.48, 2.8682, 12.503, 2.6813, 11.5933, 2.2111]
[4.8842, 3.2163, 5.4481, 3.3147, 12.701, 2.4898, 11.7625, 2.009]
[5.599, 3.1296, 6.1765, 3.08, 12.1418, 2.7012, 11.2624, 2.2083]
[5.2123, 2.8743, 5.6944, 2.8501, 12.2296, 2.5892, 11.4559, 2.0788]
[4.7475, 2.9639, 5.2667, 2.9688, 13.1535, 2.1689, 12.4822, 2.0072]
[4.9565, 3.4631, 5.4425, 3.5662, 13.2438, 2.0233, 12.6795, 1.7508]
[4.5075, 2.7356, 4.9819, 2.7605, 12.5331, 2.6079, 11.6968, 2.1539]
[4.8333, 2.9695, 5.3111, 3.0172, 12.3775, 2.6908, 11.5543, 2.2071]
[4.9183, 2.7558, 5.4706, 2.7401, 12.4395, 2.7207, 11.4487, 2.2201]
[5.3315, 3.5274, 5.8431, 3.5994, 12.9546, 2.1833, 12.2196, 1.8833]
[5.3626, 3.5389, 5.8231, 3.6022, 12.5409, 2.686, 11.8335, 2.3635]
[4.9902, 3.0309, 5.4734, 3.1077, 12.6085, 2.6726, 11.7437, 2.2085]
[5.225, 3.3652, 5.5278, 3.4115, 11.9062, 2.4581, 11.3784, 2.0639]
[5.9325, 3.3509, 6.4507, 3.2794, 11.8609, 2.5222, 11.1726, 1.9666]
[5.3056, 3.2525, 5.7308, 3.2843, 12.1843, 2.6301, 11.4607, 2.222]
[4.9064, 3.049, 5.426, 3.0763, 12.6091, 2.5662, 11.7921, 2.1718]
[5.0423, 2.9544, 5.6601, 2.9443, 12.8969, 2.5534, 11.99, 2.1961]
[4.7823, 3.2441, 5.2143, 3.2917, 12.961, 2.4626, 12.3522, 2.1804]
[4.2872, 2.5646, 4.4824, 2.6104, 12.777, 2.3991, 12.3601, 2.2157]
[4.6978, 2.6161, 5.0588, 2.6483, 12.3082, 2.6504, 11.5852, 2.2056]
[5.2595, 3.2004, 5.9286, 3.242, 12.6204, 2.727, 11.6303, 2.0988]
[5.093, 2.9279, 5.6338, 2.9299, 12.6982, 2.7351, 11.8776, 2.274]
[4.5811, 2.4987, 5.0663, 2.5066, 13.2946, 2.2279, 12.625, 1.8876]
[4.8774, 2.7151, 5.3931, 2.7405, 12.7826, 2.4894, 11.857, 2.057]
[4.6845, 2.7627, 4.8896, 2.7858, 12.6622, 2.3874, 12.2721, 2.209]
[4.8115, 2.8867, 5.2718, 2.8969, 12.2503, 2.6725, 11.4594, 2.2304]
[4.7257, 2.4921, 5.1438, 2.5102, 12.7361, 2.5207, 11.913, 2.0718]
[4.6318, 2.6775, 5.1056, 2.7274, 13.3047, 2.2123, 12.4742, 2.005]
[4.8773, 3.1287, 5.4351, 3.2412, 12.8341, 2.5351, 11.8552, 2.0501]
[4.473, 2.8055, 4.7907, 2.8521, 12.6171, 2.6173, 12.0035, 2.3441]
[4.8528, 2.5241, 5.3139, 2.4754, 12.4271, 2.7059, 11.6372, 2.2464]
[5.3724, 3.0466, 5.9748, 3.0306, 12.1133, 2.7569, 11.138, 2.0353]
[4.5311, 2.6134, 5.1277, 2.6386, 12.8365, 2.6104, 11.7444, 2.0604]
[5.1067, 3.1058, 5.7552, 3.1227, 12.7095, 2.6263, 11.7314, 2.1491]
[4.5586, 2.707, 5.0559, 2.774, 13.143, 2.406, 12.2969, 2.0824]
[4.6306, 2.8504, 4.8687, 2.922, 12.6206, 2.5096, 12.1159, 2.2525]
[5.0, 3.0285, 5.5, 3.0903, 12.5164, 2.7114, 11.6472, 2.2732]
[4.4912, 3.3252, 4.81, 3.4226, 12.762, 2.4266, 12.1578, 2.2672]
[4.5973, 2.9239, 4.9449, 3.0256, 12.3951, 2.5762, 11.6195, 2.1427]
[4.9444, 3.011, 5.5478, 3.0794, 13.3905, 2.2791, 12.547, 1.9544]
[5.0847, 3.3921, 6.0, 3.4661, 13.1086, 2.4969, 11.7842, 2.0112]
[5.0457, 3.1271, 5.6836, 3.1374, 12.6624, 2.5755, 11.7307, 2.0617]
[5.4386, 3.2679, 6.2336, 3.1721, 12.4557, 2.662, 11.3531, 2.1538]
[4.9677, 2.9674, 5.4903, 2.9716, 12.3632, 2.7044, 11.5168, 2.213]
[5.2614, 3.3097, 6.0141, 3.2414, 12.9263, 2.5479, 11.9904, 2.2449]
[5.1122, 2.9343, 5.7673, 2.8686, 12.3556, 2.6655, 11.36, 2.1315]
[5.087, 3.3206, 5.7771, 3.3516, 12.7961, 2.6015, 11.843, 2.2086]
[4.8119, 2.8999, 5.3056, 2.9516, 12.9287, 2.3272, 12.0846, 1.9853]
[5.2231, 3.1347, 5.7624, 3.1565, 12.284, 2.7401, 11.3615, 2.3096]
[5.0526, 2.9375, 5.6839, 2.8821, 12.6231, 2.4706, 11.6053, 2.0193]
[4.7628, 2.811, 5.6051, 2.8391, 12.846, 2.7004, 11.3225, 2.0088]
[5.1304, 3.0515, 5.8765, 3.0323, 12.4194, 2.7664, 11.2448, 2.0618]
[5.4583, 3.4848, 6.6357, 3.3705, 12.7403, 2.8513, 11.3398, 2.1907]
[5.0769, 3.1674, 5.981, 3.1006, 12.9895, 2.5908, 11.8072, 2.0816]
[4.6169, 2.5942, 5.4602, 2.5173, 12.9289, 2.7165, 11.4427, 2.1849]
[5.4249, 3.5022, 6.025, 3.5513, 12.7348, 2.4818, 11.8934, 2.0522]
[5.0414, 3.3695, 5.8855, 3.3649, 12.6694, 2.6349, 11.5506, 2.1448]
[5.1529, 3.0717, 5.7286, 3.0865, 12.591, 2.5299, 11.6927, 2.1396]
[5.2283, 3.2956, 5.966, 3.2814, 12.7875, 2.5508, 11.7675, 2.1178]
[5.2735, 3.0004, 6.0, 3.0201, 12.4936, 2.9079, 11.3013, 2.266]
[5.0702, 3.0118, 5.7353, 3.025, 12.8109, 2.4941, 11.799, 1.9514]
[4.8967, 2.7337, 5.5116, 2.6796, 13.0956, 2.3807, 12.1965, 2.0738]
[5.2526, 3.1725, 5.8148, 3.1686, 12.6438, 2.5372, 11.8688, 2.1589]
[4.6474, 2.6392, 5.1776, 2.6757, 12.7971, 2.5279, 11.8318, 1.9266]
[4.9531, 3.0436, 5.5941, 3.1187, 13.0019, 2.3365, 12.0282, 1.84]
[5.1526, 3.1192, 5.7871, 3.0963, 12.5327, 2.5944, 11.5826, 2.0537]
[5.093, 3.0827, 5.6978, 3.1249, 12.8518, 2.5873, 11.8913, 2.2277]
[5.2, 3.4854, 5.6503, 3.5227, 12.063, 2.5527, 11.3744, 2.1034]
[4.809, 2.8923, 5.244, 2.9389, 13.1155, 2.4281, 12.4149, 2.258]
[5.1538, 3.1039, 5.837, 3.1632, 13.0018, 2.6504, 11.9412, 2.2108]
[4.8895, 2.8789, 5.3608, 2.9279, 12.9795, 2.4177, 12.1833, 2.101]
[4.8586, 3.0567, 5.6556, 3.0732, 12.8514, 2.4611, 11.6337, 2.0027]
[4.935, 3.0316, 5.6203, 3.0473, 12.8112, 2.4575, 11.7216, 2.0248]
[4.557, 2.5273, 5.1886, 2.5442, 13.0846, 2.4866, 11.9769, 2.0645]
[5.3789, 3.3956, 6.0258, 3.4303, 12.823, 2.5413, 11.8519, 2.1676]
[4.7621, 2.8552, 5.425, 2.8951, 12.8163, 2.557, 11.7094, 1.9483]
[4.84, 2.6983, 5.6121, 2.5723, 12.7704, 2.6224, 11.6028, 2.0884]
[4.8603, 2.927, 5.2468, 2.968, 12.2686, 2.5861, 11.5821, 2.1408]
[4.8186, 2.8003, 5.4529, 2.7993, 12.5622, 2.6326, 11.4809, 1.9889]
[4.801, 2.6193, 5.3013, 2.6371, 12.6668, 2.5376, 11.7684, 2.0644]
[4.8258, 2.8694, 5.363, 2.8857, 12.8041, 2.4536, 11.9599, 2.0089]
[5.44, 3.1166, 5.8915, 3.1284, 12.4935, 2.3492, 11.7748, 1.8967]
[5.0495, 2.7463, 5.5449, 2.7657, 12.3461, 2.6343, 11.4472, 2.0498]
[4.9263, 2.9495, 5.5163, 2.9795, 12.7402, 2.604, 11.7434, 2.0707]
[4.7461, 2.3836, 5.1739, 2.3789, 12.4824, 2.4982, 11.5738, 2.0202]
[5.016, 2.9236, 5.5097, 2.9868, 12.8235, 2.5867, 11.9517, 2.218]
[5.0594, 2.9679, 5.6098, 3.0273, 12.0442, 2.8598, 10.9537, 2.0463]
[4.7308, 3.0086, 5.1762, 3.1244, 13.1047, 2.4596, 12.3628, 2.1586]
[4.8429, 2.9385, 5.3248, 3.0206, 13.1258, 2.3621, 12.3332, 2.03]
[4.8396, 2.8686, 5.8267, 2.8583, 13.3976, 2.4442, 11.9508, 1.9904]
[4.9571, 3.1627, 5.5412, 3.2324, 12.9431, 2.4652, 12.0187, 2.0112]
[5.4286, 3.5896, 6.0136, 3.6196, 12.7026, 2.4073, 11.8915, 2.0695]
[4.8662, 2.9245, 5.5044, 2.9393, 12.6735, 2.6464, 11.6735, 2.2337]
[4.7718, 2.8611, 5.2209, 2.9151, 13.0126, 2.4035, 12.2779, 2.1406]
[4.6714, 2.4196, 5.1845, 2.4728, 12.8803, 2.6035, 11.8456, 2.0628]
[4.9294, 2.9417, 5.4857, 2.9386, 12.7633, 2.5611, 11.9276, 2.1674]
[5.0931, 3.0512, 5.6686, 3.0318, 12.717, 2.5454, 11.9079, 2.1024]
[5.1324, 3.1587, 5.6923, 3.1772, 12.8936, 2.4758, 12.1721, 2.1568]
[4.755, 2.7937, 5.0909, 2.8027, 12.8775, 2.1534, 12.359, 1.9311]
[4.7033, 2.4718, 4.9753, 2.4744, 12.6891, 2.2871, 12.1893, 2.0522]
[4.9391, 3.5097, 5.0455, 3.5481, 12.0124, 2.5806, 11.81, 2.4523]
[4.45, 2.9217, 4.5376, 2.9436, 11.8027, 2.5282, 11.603, 2.4464]
[4.5211, 2.7443, 4.7132, 2.8014, 12.0244, 2.3511, 11.5637, 2.0597]
[5.1327, 2.8737, 5.3556, 2.8918, 11.833, 2.369, 11.3493, 2.0279]
[4.6746, 2.9381, 5.0, 2.9459, 12.4606, 2.4765, 11.9031, 2.3096]
[4.814, 3.0392, 5.094, 3.0438, 12.4007, 2.4735, 11.9207, 2.2899]
[4.7167, 2.281, 4.9444, 2.2845, 12.2917, 2.4399, 11.7784, 2.1618]
[4.2692, 2.3868, 4.5444, 2.4411, 12.9779, 2.0627, 12.5186, 1.7864]
[4.6857, 3.3218, 5.0, 3.3951, 12.3423, 2.5322, 11.7469, 2.2238]
[4.699, 2.5885, 5.2134, 2.5031, 12.7907, 2.394, 12.0725, 2.0593]
[5.18, 3.1949, 5.6982, 3.201, 12.3663, 2.5326, 11.6033, 2.0539]
[4.7416, 2.9526, 5.3099, 2.9544, 12.5987, 2.5456, 11.7452, 2.0622]
[4.5442, 3.0188, 4.9508, 3.0787, 12.9523, 2.4134, 12.297, 2.1659]
[4.8493, 2.9478, 5.4322, 2.9758, 12.9661, 2.5753, 12.106, 2.2139]
[4.9259, 2.9322, 5.2335, 2.9809, 13.0198, 2.1573, 12.4443, 1.9991]
[5.2103, 2.9667, 5.8161, 2.9635, 12.4986, 2.6322, 11.5843, 2.0852]
[4.7422, 3.0188, 5.1545, 3.0457, 12.2142, 2.4601, 11.4877, 1.9871]
[4.8571, 2.4859, 5.3333, 2.3428, 11.8862, 2.7493, 11.1261, 2.1796]
